## dummy remote

h <- 345
v<- 234

hv